1e-12 0.967172 0.124943 -0.00127045
2e-12 0.967085 0.125247 -0.00253661
3e-12 0.966944 0.125737 -0.00379829
4e-12 0.96675 0.126412 -0.0050553
5e-12 0.966501 0.127272 -0.00630744
6e-12 0.966197 0.128315 -0.00755449
7e-12 0.965839 0.12954 -0.00879624
8e-12 0.965425 0.130945 -0.0100325
9e-12 0.964954 0.132531 -0.0112629
1e-11 0.964427 0.134295 -0.0124874
1.1e-11 0.96384 0.136235 -0.0137057
1.2e-11 0.963195 0.138351 -0.0149175
1.3e-11 0.962489 0.14064 -0.0161226
1.4e-11 0.96172 0.143101 -0.0173207
1.5e-11 0.960889 0.145733 -0.0185116
1.6e-11 0.959993 0.148532 -0.019695
1.7e-11 0.959031 0.151498 -0.0208706
1.8e-11 0.958001 0.154627 -0.0220382
1.9e-11 0.956901 0.157919 -0.0231974
2e-11 0.955731 0.16137 -0.024348
2.1e-11 0.954488 0.164978 -0.0254897
2.2e-11 0.95317 0.168742 -0.0266222
2.3e-11 0.951776 0.172657 -0.0277451
2.4e-11 0.950304 0.176722 -0.0288582
2.5e-11 0.948751 0.180934 -0.0299612
2.6e-11 0.947117 0.18529 -0.0310538
2.7e-11 0.945399 0.189786 -0.0321356
2.8e-11 0.943596 0.194421 -0.0332064
2.9e-11 0.941705 0.199191 -0.0342658
3e-11 0.939725 0.204093 -0.0353135
3.1e-11 0.937655 0.209123 -0.0363494
3.2e-11 0.935491 0.214279 -0.037373
3.3e-11 0.933233 0.219556 -0.0383841
3.4e-11 0.93088 0.224952 -0.0393825
3.5e-11 0.928428 0.230463 -0.0403678
3.6e-11 0.925878 0.236085 -0.0413399
3.7e-11 0.923227 0.241815 -0.0422986
3.8e-11 0.920474 0.247649 -0.0432435
3.9e-11 0.917617 0.253583 -0.0441747
4e-11 0.914656 0.259613 -0.0450918
4.1e-11 0.911588 0.265737 -0.0459947
4.2e-11 0.908413 0.271949 -0.0468834
4.3e-11 0.90513 0.278247 -0.0477578
4.4e-11 0.901738 0.284626 -0.0486177
4.5e-11 0.898236 0.291083 -0.0494631
4.6e-11 0.894622 0.297613 -0.0502941
4.7e-11 0.890897 0.304213 -0.0511106
4.8e-11 0.887058 0.310879 -0.0519127
4.9e-11 0.883107 0.317607 -0.0527005
5e-11 0.879041 0.324393 -0.0534741
5.1e-11 0.874861 0.331234 -0.0542337
5.2e-11 0.870567 0.338126 -0.0549793
5.3e-11 0.866156 0.345065 -0.0557113
5.4e-11 0.86163 0.352048 -0.0564297
5.5e-11 0.856988 0.35907 -0.0571351
5.6e-11 0.852229 0.366128 -0.0578275
5.7e-11 0.847354 0.373219 -0.0585073
5.8e-11 0.842362 0.38034 -0.059175
5.9e-11 0.837253 0.387485 -0.0598308
6e-11 0.832027 0.394654 -0.0604753
6.1e-11 0.826684 0.401841 -0.0611088
6.2e-11 0.821223 0.409043 -0.0617318
6.3e-11 0.815644 0.416258 -0.0623449
6.4e-11 0.809948 0.423482 -0.0629485
6.5e-11 0.804134 0.430712 -0.0635433
6.6e-11 0.798203 0.437945 -0.0641298
6.7e-11 0.792153 0.445178 -0.0647085
6.8e-11 0.785985 0.452408 -0.0652802
6.9e-11 0.779699 0.459631 -0.0658454
7e-11 0.773294 0.466845 -0.0664048
7.1e-11 0.766771 0.474047 -0.0669591
7.2e-11 0.760128 0.481235 -0.0675089
7.3e-11 0.753367 0.488404 -0.0680551
7.4e-11 0.746486 0.495553 -0.0685983
7.5e-11 0.739486 0.502679 -0.0691392
7.6e-11 0.732365 0.509779 -0.0696787
7.7e-11 0.725123 0.51685 -0.0702175
7.8e-11 0.71776 0.52389 -0.0707565
7.9e-11 0.710275 0.530895 -0.0712963
8e-11 0.702668 0.537864 -0.071838
8.1e-11 0.694938 0.544793 -0.0723822
8.2e-11 0.687083 0.551679 -0.0729299
8.3e-11 0.679104 0.55852 -0.073482
8.4e-11 0.670999 0.565313 -0.0740393
8.5e-11 0.662766 0.572056 -0.0746027
8.6e-11 0.654406 0.578744 -0.0751731
8.7e-11 0.645917 0.585376 -0.0757515
8.8e-11 0.637297 0.591948 -0.0763388
8.9e-11 0.628545 0.598458 -0.076936
9e-11 0.61966 0.604901 -0.0775439
9.1e-11 0.61064 0.611276 -0.0781636
9.2e-11 0.601484 0.617577 -0.078796
9.3e-11 0.59219 0.623803 -0.0794421
9.4e-11 0.582755 0.629949 -0.0801029
9.5e-11 0.573179 0.636012 -0.0807793
9.6e-11 0.56346 0.641988 -0.0814723
9.7e-11 0.553595 0.647873 -0.0821829
9.8e-11 0.543583 0.653662 -0.0829121
9.9e-11 0.533421 0.659352 -0.0836608
1e-10 0.523107 0.664937 -0.08443
1.01e-10 0.51264 0.670414 -0.0852206
1.02e-10 0.502017 0.675777 -0.0860335
1.03e-10 0.491236 0.68102 -0.0868696
1.04e-10 0.480295 0.68614 -0.0877297
1.05e-10 0.469192 0.691129 -0.0886147
1.06e-10 0.457925 0.695983 -0.0895253
1.07e-10 0.446493 0.700695 -0.0904622
1.08e-10 0.434892 0.705258 -0.0914261
1.09e-10 0.423122 0.709667 -0.0924175
1.1e-10 0.411181 0.713914 -0.093437
1.11e-10 0.399067 0.717993 -0.0944849
1.12e-10 0.386779 0.721895 -0.0955616
1.13e-10 0.374317 0.725614 -0.0966672
1.14e-10 0.361679 0.729142 -0.0978019
1.15e-10 0.348864 0.73247 -0.0989655
1.16e-10 0.335874 0.735591 -0.100158
1.17e-10 0.322706 0.738497 -0.101379
1.18e-10 0.309363 0.741179 -0.102628
1.19e-10 0.295845 0.743628 -0.103904
1.2e-10 0.282153 0.745836 -0.105207
1.21e-10 0.268289 0.747795 -0.106535
1.22e-10 0.254254 0.749497 -0.107888
1.23e-10 0.240052 0.750932 -0.109265
1.24e-10 0.225685 0.752092 -0.110663
1.25e-10 0.211157 0.75297 -0.112081
1.26e-10 0.196472 0.753557 -0.113518
1.27e-10 0.181633 0.753847 -0.114972
1.28e-10 0.166646 0.753831 -0.11644
1.29e-10 0.151516 0.753503 -0.117921
1.3e-10 0.136248 0.752857 -0.119413
1.31e-10 0.120848 0.751886 -0.120913
1.32e-10 0.105323 0.750586 -0.122419
1.33e-10 0.089679 0.74895 -0.123929
1.34e-10 0.0739225 0.746975 -0.125441
1.35e-10 0.0580608 0.744656 -0.126952
1.36e-10 0.0421012 0.741991 -0.12846
1.37e-10 0.0260509 0.738976 -0.129963
1.38e-10 0.00991753 0.735609 -0.131458
1.39e-10 -0.00629147 0.731889 -0.132944
1.4e-10 -0.0225685 0.727813 -0.134418
1.41e-10 -0.0389058 0.723382 -0.135879
1.42e-10 -0.0552959 0.718594 -0.137325
1.43e-10 -0.0717311 0.71345 -0.138753
1.44e-10 -0.0882037 0.70795 -0.140163
1.45e-10 -0.104706 0.702096 -0.141553
1.46e-10 -0.121231 0.695888 -0.142921
1.47e-10 -0.137771 0.689327 -0.144266
1.48e-10 -0.154318 0.682415 -0.145587
1.49e-10 -0.170865 0.675154 -0.146883
1.5e-10 -0.187404 0.667546 -0.148152
1.51e-10 -0.203927 0.659593 -0.149394
1.52e-10 -0.220427 0.651297 -0.150607
1.53e-10 -0.236897 0.642661 -0.151792
1.54e-10 -0.253327 0.633687 -0.152946
1.55e-10 -0.26971 0.624377 -0.15407
1.56e-10 -0.286037 0.614734 -0.155163
1.57e-10 -0.302301 0.60476 -0.156223
1.58e-10 -0.318491 0.594459 -0.15725
1.59e-10 -0.334599 0.583833 -0.158244
1.6e-10 -0.350615 0.572885 -0.159204
1.61e-10 -0.36653 0.561618 -0.160129
1.62e-10 -0.382333 0.550035 -0.161017
1.63e-10 -0.398015 0.53814 -0.161868
1.64e-10 -0.413564 0.525937 -0.162682
1.65e-10 -0.42897 0.51343 -0.163456
1.66e-10 -0.444222 0.500623 -0.164189
1.67e-10 -0.459309 0.487522 -0.164881
1.68e-10 -0.47422 0.474131 -0.16553
1.69e-10 -0.488946 0.460456 -0.166133
1.7e-10 -0.503474 0.446505 -0.166691
1.71e-10 -0.517797 0.432282 -0.1672
1.72e-10 -0.531904 0.417797 -0.16766
1.73e-10 -0.545786 0.403055 -0.168068
1.74e-10 -0.559435 0.388065 -0.168422
1.75e-10 -0.572845 0.372835 -0.168722
1.76e-10 -0.586008 0.357372 -0.168965
1.77e-10 -0.598919 0.341685 -0.16915
1.78e-10 -0.611571 0.325781 -0.169274
1.79e-10 -0.623962 0.309668 -0.169337
1.8e-10 -0.636086 0.293354 -0.169336
1.81e-10 -0.647941 0.276846 -0.169271
1.82e-10 -0.659523 0.260151 -0.169139
1.83e-10 -0.67083 0.243276 -0.16894
1.84e-10 -0.681858 0.226226 -0.168671
1.85e-10 -0.692605 0.209009 -0.168331
1.86e-10 -0.703068 0.191631 -0.167918
1.87e-10 -0.713243 0.174096 -0.167431
1.88e-10 -0.723127 0.156413 -0.166868
1.89e-10 -0.732716 0.138585 -0.166226
1.9e-10 -0.742004 0.120622 -0.165505
1.91e-10 -0.750988 0.102528 -0.164701
1.92e-10 -0.759659 0.0843126 -0.163813
1.93e-10 -0.768012 0.0659835 -0.162839
1.94e-10 -0.77604 0.0475499 -0.161776
1.95e-10 -0.783733 0.0290221 -0.160622
1.96e-10 -0.791084 0.0104113 -0.159374
1.97e-10 -0.798083 -0.00826974 -0.15803
1.98e-10 -0.804721 -0.0270074 -0.156588
1.99e-10 -0.810987 -0.0457864 -0.155044
2e-10 -0.816871 -0.0645901 -0.153398
2.01e-10 -0.822361 -0.0834005 -0.151645
2.02e-10 -0.827448 -0.102198 -0.149785
2.03e-10 -0.832118 -0.120961 -0.147813
2.04e-10 -0.836361 -0.139667 -0.145729
2.05e-10 -0.840165 -0.158291 -0.143529
2.06e-10 -0.843519 -0.176808 -0.141211
2.07e-10 -0.846411 -0.195187 -0.138774
2.08e-10 -0.848831 -0.213401 -0.136214
2.09e-10 -0.850768 -0.231415 -0.133531
2.1e-10 -0.852212 -0.249195 -0.130721
2.11e-10 -0.853155 -0.266706 -0.127784
2.12e-10 -0.853588 -0.283906 -0.124718
2.13e-10 -0.853505 -0.300756 -0.121523
2.14e-10 -0.852905 -0.31721 -0.118198
2.15e-10 -0.851784 -0.333223 -0.114745
2.16e-10 -0.850146 -0.348746 -0.111165
2.17e-10 -0.847997 -0.363731 -0.107462
2.18e-10 -0.845347 -0.378127 -0.103641
2.19e-10 -0.842212 -0.391885 -0.0997069
2.2e-10 -0.838612 -0.404954 -0.0956686
2.21e-10 -0.834572 -0.417289 -0.0915353
2.22e-10 -0.830123 -0.428846 -0.0873181
2.23e-10 -0.825299 -0.439584 -0.0830294
2.24e-10 -0.820138 -0.44947 -0.0786826
2.25e-10 -0.814681 -0.458475 -0.0742917
2.26e-10 -0.808973 -0.466576 -0.0698712
2.27e-10 -0.803056 -0.473757 -0.0654357
2.28e-10 -0.796976 -0.480009 -0.0609992
2.29e-10 -0.790777 -0.485327 -0.0565752
2.3e-10 -0.784499 -0.489716 -0.0521762
2.31e-10 -0.778183 -0.493181 -0.047814
2.32e-10 -0.771866 -0.495735 -0.0434988
2.33e-10 -0.765581 -0.497395 -0.0392401
2.34e-10 -0.75936 -0.49818 -0.0350457
2.35e-10 -0.753229 -0.498112 -0.0309226
2.36e-10 -0.747212 -0.497216 -0.0268766
2.37e-10 -0.741331 -0.495518 -0.0229123
2.38e-10 -0.735603 -0.493046 -0.0190337
2.39e-10 -0.730043 -0.489829 -0.0152435
2.4e-10 -0.724666 -0.485896 -0.011544
2.41e-10 -0.719481 -0.481279 -0.00793677
2.42e-10 -0.714498 -0.476008 -0.00442273
2.43e-10 -0.709723 -0.470117 -0.00100238
2.44e-10 -0.705162 -0.463636 0.00232415
2.45e-10 -0.700819 -0.456598 0.00555705
2.46e-10 -0.696696 -0.449038 0.0086967
2.47e-10 -0.692795 -0.440987 0.0117436
2.48e-10 -0.689115 -0.432478 0.0146984
2.49e-10 -0.685654 -0.423544 0.0175617
2.5e-10 -0.682411 -0.414217 0.0203338
2.51e-10 -0.679382 -0.404531 0.0230152
2.52e-10 -0.676562 -0.394517 0.0256059
2.53e-10 -0.673947 -0.384206 0.0281059
2.54e-10 -0.67153 -0.373633 0.030515
2.55e-10 -0.669307 -0.362828 0.0328327
2.56e-10 -0.667271 -0.351824 0.0350584
2.57e-10 -0.665417 -0.340653 0.0371916
2.58e-10 -0.663738 -0.329348 0.0392317
2.59e-10 -0.662229 -0.317942 0.041178
2.6e-10 -0.660885 -0.306468 0.0430303
2.61e-10 -0.6597 -0.294957 0.0447886
2.62e-10 -0.658671 -0.283443 0.046453
2.63e-10 -0.657792 -0.271958 0.0480243
2.64e-10 -0.657061 -0.260534 0.0495035
2.65e-10 -0.656472 -0.249201 0.0508922
2.66e-10 -0.656023 -0.23799 0.0521925
2.67e-10 -0.655709 -0.226928 0.0534069
2.68e-10 -0.655528 -0.216042 0.0545384
2.69e-10 -0.655475 -0.205355 0.0555904
2.7e-10 -0.655547 -0.194889 0.0565666
2.71e-10 -0.655742 -0.184662 0.0574712
2.72e-10 -0.656057 -0.174691 0.0583084
2.73e-10 -0.656491 -0.16499 0.0590824
2.74e-10 -0.657043 -0.155568 0.0597978
2.75e-10 -0.657714 -0.146436 0.0604589
2.76e-10 -0.658504 -0.137599 0.0610701
2.77e-10 -0.659418 -0.129062 0.0616358
2.78e-10 -0.660458 -0.120828 0.0621602
2.79e-10 -0.661631 -0.112899 0.0626479
2.8e-10 -0.662947 -0.105275 0.063103
2.81e-10 -0.664415 -0.0979553 0.0635299
2.82e-10 -0.666049 -0.0909381 0.0639328
2.83e-10 -0.667866 -0.0842211 0.0643155
2.84e-10 -0.669884 -0.0778011 0.0646819
2.85e-10 -0.672123 -0.0716743 0.0650352
2.86e-10 -0.674608 -0.0658361 0.0653785
2.87e-10 -0.67736 -0.0602809 0.0657142
2.88e-10 -0.680405 -0.0550019 0.0660443
2.89e-10 -0.683764 -0.0499908 0.0663705
2.9e-10 -0.687458 -0.0452378 0.0666939
2.91e-10 -0.691508 -0.0407313 0.0670153
2.92e-10 -0.695927 -0.0364577 0.0673353
2.93e-10 -0.700728 -0.0324015 0.0676544
2.94e-10 -0.705918 -0.0285454 0.0679728
2.95e-10 -0.7115 -0.0248703 0.0682908
2.96e-10 -0.717471 -0.0213557 0.0686088
2.97e-10 -0.723826 -0.0179796 0.0689274
2.98e-10 -0.730554 -0.0147185 0.0692473
2.99e-10 -0.737641 -0.0115477 0.0695692
3e-10 -0.745072 -0.00844096 0.0698943
3.01e-10 -0.752825 -0.00537032 0.0702237
3.02e-10 -0.76088 -0.0023059 0.0705585
3.03e-10 -0.769213 0.000784333 0.0709001
3.04e-10 -0.777797 0.0039347 0.0712495
3.05e-10 -0.786604 0.00718181 0.0716077
3.06e-10 -0.795602 0.0105643 0.0719753
3.07e-10 -0.804757 0.0141227 0.0723524
3.08e-10 -0.81403 0.0178981 0.0727386
3.09e-10 -0.823379 0.0219321 0.0731329
3.1e-10 -0.832756 0.0262655 0.0735333
3.11e-10 -0.842111 0.0309367 0.073937
3.12e-10 -0.851387 0.0359812 0.07434
3.13e-10 -0.860526 0.0414301 0.0747375
3.14e-10 -0.869463 0.0473088 0.0751234
3.15e-10 -0.87813 0.0536362 0.0754907
3.16e-10 -0.88646 0.0604237 0.0758317
3.17e-10 -0.894379 0.0676743 0.076138
3.18e-10 -0.901815 0.0753822 0.0764007
3.19e-10 -0.908696 0.0835324 0.0766109
3.2e-10 -0.914949 0.0921003 0.0767597
3.21e-10 -0.920505 0.101052 0.076839
3.22e-10 -0.925298 0.110345 0.0768414
3.23e-10 -0.929268 0.119927 0.0767603
3.24e-10 -0.932359 0.129739 0.0765908
3.25e-10 -0.934527 0.139717 0.0763292
3.26e-10 -0.935734 0.149788 0.0759732
3.27e-10 -0.935956 0.159879 0.0755222
3.28e-10 -0.935179 0.169913 0.0749768
3.29e-10 -0.933404 0.179814 0.0743389
3.3e-10 -0.930646 0.189506 0.0736113
3.31e-10 -0.926934 0.198918 0.072798
3.32e-10 -0.922309 0.207984 0.0719038
3.33e-10 -0.916829 0.216648 0.0709343
3.34e-10 -0.91056 0.224859 0.0698957
3.35e-10 -0.903577 0.23258 0.0687945
3.36e-10 -0.895965 0.239782 0.0676377
3.37e-10 -0.887808 0.246451 0.0664321
3.38e-10 -0.879194 0.252581 0.0651846
3.39e-10 -0.870212 0.258175 0.0639014
3.4e-10 -0.860944 0.263249 0.0625884
3.41e-10 -0.85147 0.267821 0.0612507
3.42e-10 -0.841865 0.271917 0.059893
3.43e-10 -0.832198 0.275569 0.0585193
3.44e-10 -0.822532 0.278808 0.0571329
3.45e-10 -0.812925 0.28167 0.0557371
3.46e-10 -0.803429 0.284189 0.0543345
3.47e-10 -0.794092 0.286403 0.0529274
3.48e-10 -0.784956 0.288346 0.051518
3.49e-10 -0.776061 0.290054 0.0501083
3.5e-10 -0.767441 0.291559 0.0487
3.51e-10 -0.759127 0.292896 0.0472945
3.52e-10 -0.751146 0.294096 0.0458931
3.53e-10 -0.743523 0.295187 0.0444967
3.54e-10 -0.736278 0.296198 0.0431059
3.55e-10 -0.729428 0.297155 0.0417209
3.56e-10 -0.722988 0.298082 0.0403415
3.57e-10 -0.716968 0.299003 0.0389674
3.58e-10 -0.711377 0.299938 0.0375974
3.59e-10 -0.706221 0.300906 0.0362306
3.6e-10 -0.701501 0.301927 0.0348656
3.61e-10 -0.697219 0.303015 0.0335006
3.62e-10 -0.693371 0.304186 0.032134
3.63e-10 -0.689954 0.305455 0.0307641
3.64e-10 -0.686961 0.306833 0.0293891
3.65e-10 -0.684385 0.308333 0.0280073
3.66e-10 -0.682215 0.309963 0.026617
3.67e-10 -0.680443 0.311733 0.0252167
3.68e-10 -0.679056 0.313651 0.0238049
3.69e-10 -0.678042 0.315723 0.0223802
3.7e-10 -0.677389 0.317953 0.0209415
3.71e-10 -0.677085 0.320346 0.0194877
3.72e-10 -0.677117 0.322902 0.018018
3.73e-10 -0.677474 0.325622 0.0165316
3.74e-10 -0.678145 0.328505 0.0150279
3.75e-10 -0.67912 0.331546 0.0135064
3.76e-10 -0.680391 0.33474 0.0119666
3.77e-10 -0.681948 0.338079 0.0104082
3.78e-10 -0.683787 0.341553 0.0088307
3.79e-10 -0.6859 0.34515 0.00723364
3.8e-10 -0.688283 0.348856 0.00561649
3.81e-10 -0.690932 0.352655 0.00397869
3.82e-10 -0.693843 0.356527 0.00231962
3.83e-10 -0.697014 0.360453 0.000638685
3.84e-10 -0.700439 0.364409 -0.00106468
3.85e-10 -0.704114 0.36837 -0.00279098
3.86e-10 -0.708036 0.372308 -0.00454062
3.87e-10 -0.712197 0.376194 -0.00631388
3.88e-10 -0.71659 0.379998 -0.00811094
3.89e-10 -0.721206 0.383685 -0.00993181
3.9e-10 -0.726033 0.387221 -0.0117764
3.91e-10 -0.73106 0.390573 -0.0136444
3.92e-10 -0.736272 0.393704 -0.0155354
3.93e-10 -0.741654 0.396579 -0.0174489
3.94e-10 -0.74719 0.399164 -0.0193841
3.95e-10 -0.752863 0.401425 -0.0213401
3.96e-10 -0.758655 0.403333 -0.0233158
3.97e-10 -0.764551 0.404856 -0.02531
3.98e-10 -0.770533 0.405969 -0.0273212
3.99e-10 -0.776584 0.406649 -0.0293478
4e-10 -0.782689 0.406873 -0.0313881
4.01e-10 -0.788832 0.406624 -0.0334399
4.02e-10 -0.794999 0.405889 -0.0355011
4.03e-10 -0.801173 0.404655 -0.0375692
4.04e-10 -0.807341 0.402914 -0.0396413
4.05e-10 -0.813488 0.400659 -0.0417144
4.06e-10 -0.819599 0.39789 -0.0437851
4.07e-10 -0.825661 0.394603 -0.0458495
4.08e-10 -0.831658 0.390802 -0.0479037
4.09e-10 -0.837576 0.386489 -0.0499432
4.1e-10 -0.843399 0.38167 -0.0519634
4.11e-10 -0.849111 0.376351 -0.0539594
4.12e-10 -0.854696 0.370542 -0.0559263
4.13e-10 -0.860139 0.364253 -0.0578592
4.14e-10 -0.865423 0.357494 -0.0597531
4.15e-10 -0.870532 0.350278 -0.0616033
4.16e-10 -0.875452 0.342619 -0.0634052
4.17e-10 -0.880167 0.334531 -0.0651544
4.18e-10 -0.884665 0.326031 -0.066847
4.19e-10 -0.888933 0.317135 -0.0684792
4.2e-10 -0.89296 0.307861 -0.0700477
4.21e-10 -0.896734 0.298227 -0.0715495
4.22e-10 -0.900246 0.288252 -0.072982
4.23e-10 -0.903488 0.277955 -0.0743427
4.24e-10 -0.906451 0.267356 -0.0756295
4.25e-10 -0.909129 0.256473 -0.0768404
4.26e-10 -0.911517 0.245328 -0.0779735
4.27e-10 -0.913608 0.233939 -0.0790266
4.28e-10 -0.9154 0.222327 -0.0799976
4.29e-10 -0.916892 0.210514 -0.0808839
4.3e-10 -0.918082 0.19852 -0.081683
4.31e-10 -0.918971 0.186369 -0.0823919
4.32e-10 -0.919564 0.174085 -0.0830074
4.33e-10 -0.919866 0.161691 -0.0835265
4.34e-10 -0.919883 0.149215 -0.0839459
4.35e-10 -0.919624 0.136684 -0.0842626
4.36e-10 -0.9191 0.124126 -0.0844741
4.37e-10 -0.918324 0.111569 -0.084578
4.38e-10 -0.917308 0.0990413 -0.0845724
4.39e-10 -0.916067 0.0865721 -0.0844562
4.4e-10 -0.914617 0.0741886 -0.0842286
4.41e-10 -0.912974 0.061917 -0.0838897
4.42e-10 -0.911157 0.0497818 -0.08344
4.43e-10 -0.909183 0.0378053 -0.0828806
4.44e-10 -0.907073 0.0260069 -0.0822133
4.45e-10 -0.904845 0.0144032 -0.0814403
4.46e-10 -0.90252 0.00300742 -0.0805641
4.47e-10 -0.900117 -0.00817052 -0.0795878
4.48e-10 -0.897655 -0.0191241 -0.0785142
4.49e-10 -0.895153 -0.0298498 -0.0773466
4.5e-10 -0.892626 -0.0403469 -0.0760881
4.51e-10 -0.890089 -0.050617 -0.0747417
4.52e-10 -0.887556 -0.0606633 -0.0733104
4.53e-10 -0.885037 -0.0704903 -0.0717972
4.54e-10 -0.882544 -0.080103 -0.0702048
4.55e-10 -0.880085 -0.0895065 -0.068536
4.56e-10 -0.877668 -0.0987055 -0.0667934
4.57e-10 -0.875303 -0.107704 -0.0649799
4.58e-10 -0.872997 -0.116505 -0.0630978
4.59e-10 -0.870758 -0.12511 -0.0611499
4.6e-10 -0.868595 -0.133521 -0.0591385
4.61e-10 -0.866516 -0.141736 -0.0570664
4.62e-10 -0.864532 -0.149754 -0.0549359
4.63e-10 -0.862651 -0.157573 -0.0527496
4.64e-10 -0.860884 -0.165189 -0.0505099
4.65e-10 -0.859242 -0.172598 -0.0482192
4.66e-10 -0.857736 -0.179796 -0.0458799
4.67e-10 -0.856378 -0.186777 -0.0434942
4.68e-10 -0.855181 -0.193536 -0.0410641
4.69e-10 -0.854156 -0.200067 -0.0385915
4.7e-10 -0.853317 -0.206362 -0.0360783
4.71e-10 -0.852677 -0.212416 -0.0335258
4.72e-10 -0.852246 -0.218219 -0.0309355
4.73e-10 -0.852036 -0.223764 -0.0283086
4.74e-10 -0.852056 -0.22904 -0.025646
4.75e-10 -0.852314 -0.234038 -0.0229486
4.76e-10 -0.852816 -0.238746 -0.0202171
4.77e-10 -0.853568 -0.243151 -0.0174521
4.78e-10 -0.854571 -0.24724 -0.0146544
4.79e-10 -0.855828 -0.250999 -0.0118246
4.8e-10 -0.857337 -0.25441 -0.0089634
4.81e-10 -0.859097 -0.257457 -0.00607194
4.82e-10 -0.861103 -0.260121 -0.00315147
4.83e-10 -0.86335 -0.262382 -0.000203648
4.84e-10 -0.865831 -0.264219 0.00276943
4.85e-10 -0.868535 -0.265612 0.00576516
4.86e-10 -0.871452 -0.266538 0.00878034
4.87e-10 -0.874567 -0.266976 0.0118112
4.88e-10 -0.877864 -0.266905 0.0148532
4.89e-10 -0.881325 -0.266304 0.0179012
4.9e-10 -0.884927 -0.265155 0.0209495
4.91e-10 -0.888648 -0.26344 0.0239916
4.92e-10 -0.892462 -0.261144 0.0270207
4.93e-10 -0.896343 -0.258255 0.0300291
4.94e-10 -0.900264 -0.254765 0.0330093
4.95e-10 -0.904194 -0.250669 0.0359531
4.96e-10 -0.908104 -0.245965 0.0388523
4.97e-10 -0.911964 -0.240657 0.0416989
4.98e-10 -0.915745 -0.234752 0.044485
4.99e-10 -0.919416 -0.228262 0.047203
5e-10 -0.922947 -0.221201 0.0498462
5.01e-10 -0.92631 -0.213589 0.0524082
5.02e-10 -0.929479 -0.205448 0.0548834
5.03e-10 -0.932427 -0.196804 0.0572673
5.04e-10 -0.935132 -0.187685 0.0595558
5.05e-10 -0.937574 -0.17812 0.0617459
5.06e-10 -0.939737 -0.168142 0.063835
5.07e-10 -0.941608 -0.157783 0.0658214
5.08e-10 -0.943177 -0.147075 0.0677035
5.09e-10 -0.944438 -0.136051 0.0694806
5.1e-10 -0.945391 -0.124743 0.0711522
5.11e-10 -0.946036 -0.113183 0.072718
5.12e-10 -0.94638 -0.1014 0.0741782
5.13e-10 -0.946429 -0.089422 0.075533
5.14e-10 -0.946196 -0.0772761 0.0767831
5.15e-10 -0.945695 -0.0649871 0.0779288
5.16e-10 -0.944939 -0.0525782 0.078971
5.17e-10 -0.943946 -0.040071 0.0799102
5.18e-10 -0.942732 -0.0274853 0.0807471
5.19e-10 -0.941313 -0.0148393 0.0814825
5.2e-10 -0.939704 -0.00214969 0.082117
5.21e-10 -0.937918 0.0105682 0.0826511
5.22e-10 -0.935967 0.0233006 0.0830857
5.23e-10 -0.933862 0.0360345 0.0834212
5.24e-10 -0.931611 0.0487586 0.0836586
5.25e-10 -0.92922 0.061462 0.0837986
5.26e-10 -0.926697 0.0741351 0.0838421
5.27e-10 -0.924048 0.0867688 0.08379
5.28e-10 -0.921277 0.0993547 0.0836434
5.29e-10 -0.918393 0.111885 0.0834033
5.3e-10 -0.9154 0.124351 0.0830707
5.31e-10 -0.912306 0.136746 0.0826467
5.32e-10 -0.90912 0.149061 0.0821323
5.33e-10 -0.905849 0.161288 0.0815282
5.34e-10 -0.902502 0.173419 0.0808355
5.35e-10 -0.899089 0.185443 0.0800547
5.36e-10 -0.89562 0.197352 0.0791866
5.37e-10 -0.892106 0.209135 0.0782317
5.38e-10 -0.888559 0.220783 0.0771905
5.39e-10 -0.884991 0.232284 0.0760632
5.4e-10 -0.881415 0.243628 0.0748503
5.41e-10 -0.877845 0.254805 0.073552
5.42e-10 -0.874293 0.265805 0.0721685
5.43e-10 -0.870776 0.276616 0.0707004
5.44e-10 -0.867306 0.28723 0.0691479
5.45e-10 -0.863898 0.297635 0.0675118
5.46e-10 -0.860566 0.307821 0.0657928
5.47e-10 -0.857325 0.317779 0.0639917
5.48e-10 -0.854188 0.327497 0.0621099
5.49e-10 -0.851168 0.336965 0.0601487
5.5e-10 -0.848279 0.346172 0.0581096
5.51e-10 -0.845533 0.355109 0.0559946
5.52e-10 -0.842941 0.363763 0.0538056
5.53e-10 -0.840514 0.372125 0.051545
5.54e-10 -0.838261 0.380185 0.0492151
5.55e-10 -0.836192 0.387933 0.0468185
5.56e-10 -0.834313 0.395358 0.0443578
5.57e-10 -0.832631 0.402451 0.0418358
5.58e-10 -0.831153 0.409202 0.0392551
5.59e-10 -0.829885 0.415601 0.0366186
5.6e-10 -0.828831 0.42164 0.0339292
5.61e-10 -0.827998 0.427308 0.0311896
5.62e-10 -0.82739 0.432596 0.0284031
5.63e-10 -0.827011 0.437495 0.0255728
5.64e-10 -0.826866 0.441994 0.0227022
5.65e-10 -0.826957 0.446085 0.019795
5.66e-10 -0.827285 0.449759 0.0168553
5.67e-10 -0.827852 0.453007 0.0138871
5.68e-10 -0.828656 0.455822 0.0108951
5.69e-10 -0.829693 0.458194 0.00788407
5.7e-10 -0.830961 0.460118 0.00485895
5.71e-10 -0.832453 0.461587 0.00182487
5.72e-10 -0.834163 0.462594 -0.00121297
5.73e-10 -0.836083 0.463134 -0.00424939
5.74e-10 -0.838204 0.463201 -0.00727925
5.75e-10 -0.840515 0.462792 -0.0102976
5.76e-10 -0.843006 0.461902 -0.0132995
5.77e-10 -0.845665 0.460527 -0.0162804
5.78e-10 -0.848479 0.458664 -0.0192359
5.79e-10 -0.851434 0.456309 -0.0221616
5.8e-10 -0.854515 0.453461 -0.0250537
5.81e-10 -0.857706 0.450116 -0.0279081
5.82e-10 -0.86099 0.446274 -0.0307211
5.83e-10 -0.86435 0.441933 -0.0334889
5.84e-10 -0.867765 0.437094 -0.0362078
5.85e-10 -0.871218 0.431758 -0.0388743
5.86e-10 -0.874687 0.425928 -0.0414845
5.87e-10 -0.878154 0.419608 -0.0440347
5.88e-10 -0.881597 0.412804 -0.046521
5.89e-10 -0.884997 0.405522 -0.0489395
5.9e-10 -0.888334 0.397774 -0.051286
5.91e-10 -0.891589 0.38957 -0.0535564
5.92e-10 -0.894744 0.380924 -0.0557463
5.93e-10 -0.897782 0.37185 -0.0578515
5.94e-10 -0.900686 0.362367 -0.0598674
5.95e-10 -0.903443 0.352492 -0.0617898
5.96e-10 -0.90604 0.342247 -0.0636143
5.97e-10 -0.908465 0.331653 -0.0653368
5.98e-10 -0.910709 0.320733 -0.0669531
5.99e-10 -0.912764 0.309512 -0.0684594
6e-10 -0.914626 0.298014 -0.0698523
6.01e-10 -0.916289 0.286264 -0.0711282
6.02e-10 -0.917753 0.274289 -0.0722843
6.03e-10 -0.919016 0.262115 -0.0733178
6.04e-10 -0.920079 0.249766 -0.0742264
6.05e-10 -0.920946 0.237269 -0.0750081
6.06e-10 -0.921618 0.224649 -0.0756612
6.07e-10 -0.922101 0.211931 -0.0761846
6.08e-10 -0.9224 0.199141 -0.0765775
6.09e-10 -0.922521 0.186302 -0.0768393
6.1e-10 -0.922468 0.173439 -0.07697
6.11e-10 -0.92225 0.160578 -0.07697
6.12e-10 -0.921873 0.147742 -0.0768398
6.13e-10 -0.921343 0.134955 -0.0765806
6.14e-10 -0.920668 0.122243 -0.0761937
6.15e-10 -0.919858 0.10963 -0.0756808
6.16e-10 -0.918921 0.0971379 -0.075044
6.17e-10 -0.917868 0.084792 -0.0742856
6.18e-10 -0.916711 0.0726146 -0.0734081
6.19e-10 -0.915463 0.0606278 -0.0724144
6.2e-10 -0.914137 0.0488529 -0.0713075
6.21e-10 -0.91275 0.0373099 -0.0700908
6.22e-10 -0.911316 0.0260176 -0.0687678
6.23e-10 -0.909852 0.0149937 -0.0673419
6.24e-10 -0.908374 0.00425415 -0.0658171
6.25e-10 -0.906899 -0.0061863 -0.0641971
6.26e-10 -0.905441 -0.0163145 -0.0624857
6.27e-10 -0.904015 -0.0261186 -0.0606869
6.28e-10 -0.902637 -0.0355884 -0.0588045
6.29e-10 -0.901318 -0.0447147 -0.0568423
6.3e-10 -0.900073 -0.0534897 -0.0548042
6.31e-10 -0.898911 -0.0619066 -0.0526939
6.32e-10 -0.897845 -0.0699597 -0.0505152
6.33e-10 -0.896886 -0.0776441 -0.0482721
6.34e-10 -0.896042 -0.0849554 -0.0459683
6.35e-10 -0.895323 -0.0918903 -0.0436079
6.36e-10 -0.894739 -0.0984457 -0.0411949
6.37e-10 -0.894298 -0.104619 -0.0387334
6.38e-10 -0.894006 -0.110408 -0.0362275
6.39e-10 -0.893872 -0.115812 -0.0336816
6.4e-10 -0.8939 -0.120827 -0.0310997
6.41e-10 -0.894096 -0.125453 -0.0284859
6.42e-10 -0.894463 -0.129689 -0.0258443
6.43e-10 -0.895005 -0.133533 -0.0231789
6.44e-10 -0.895724 -0.136983 -0.0204935
6.45e-10 -0.89662 -0.140037 -0.0177919
6.46e-10 -0.897695 -0.142694 -0.0150778
6.47e-10 -0.898946 -0.144951 -0.0123546
6.48e-10 -0.900373 -0.146806 -0.00962569
6.49e-10 -0.901972 -0.148256 -0.00689452
6.5e-10 -0.903741 -0.149299 -0.00416429
6.51e-10 -0.905675 -0.14993 -0.0014382
6.52e-10 -0.907767 -0.150147 0.00128056
6.53e-10 -0.910011 -0.149946 0.00398878
6.54e-10 -0.912397 -0.149324 0.00668319
6.55e-10 -0.914917 -0.148277 0.00936042
6.56e-10 -0.917557 -0.146802 0.012017
6.57e-10 -0.920304 -0.144896 0.0146493
6.58e-10 -0.923143 -0.142557 0.0172534
6.59e-10 -0.926057 -0.139781 0.0198255
6.6e-10 -0.929029 -0.13657 0.0223614
6.61e-10 -0.932038 -0.132921 0.0248568
6.62e-10 -0.935066 -0.128836 0.0273073
6.63e-10 -0.938091 -0.124317 0.0297083
6.64e-10 -0.941093 -0.119369 0.0320552
6.65e-10 -0.944052 -0.113995 0.0343433
6.66e-10 -0.946947 -0.108203 0.0365678
6.67e-10 -0.949759 -0.102002 0.0387239
6.68e-10 -0.952469 -0.0954028 0.040807
6.69e-10 -0.955059 -0.0884169 0.0428124
6.7e-10 -0.957514 -0.0810586 0.0447354
6.71e-10 -0.959818 -0.0733439 0.0465716
6.72e-10 -0.961956 -0.06529 0.0483167
6.73e-10 -0.963916 -0.0569161 0.0499668
6.74e-10 -0.965687 -0.0482422 0.051518
6.75e-10 -0.967256 -0.0392899 0.0529668
6.76e-10 -0.968617 -0.0300817 0.0543103
6.77e-10 -0.969762 -0.0206407 0.0555456
6.78e-10 -0.970685 -0.010991 0.0566703
6.79e-10 -0.971381 -0.00115694 0.0576826
6.8e-10 -0.97185 0.00883677 0.0585808
6.81e-10 -0.97209 0.0189654 0.059364
6.82e-10 -0.972103 0.0292041 0.0600313
6.83e-10 -0.971892 0.0395286 0.0605824
6.84e-10 -0.971462 0.0499149 0.0610175
6.85e-10 -0.97082 0.0603396 0.0613369
6.86e-10 -0.969973 0.0707802 0.0615416
6.87e-10 -0.96893 0.081215 0.0616328
6.88e-10 -0.967703 0.0916237 0.0616121
6.89e-10 -0.966302 0.101987 0.0614815
6.9e-10 -0.964738 0.112286 0.0612433
6.91e-10 -0.963026 0.122504 0.0609002
6.92e-10 -0.961178 0.132627 0.0604549
6.93e-10 -0.959207 0.142638 0.0599104
6.94e-10 -0.957126 0.152524 0.0592701
6.95e-10 -0.95495 0.162274 0.0585371
6.96e-10 -0.952691 0.171874 0.0577147
6.97e-10 -0.950363 0.181314 0.0568061
6.98e-10 -0.947979 0.190583 0.0558144
6.99e-10 -0.945553 0.199671 0.0547426
7e-10 -0.943098 0.208569 0.0535936
7.01e-10 -0.940627 0.217267 0.0523703
7.02e-10 -0.938154 0.225755 0.0510751
7.03e-10 -0.935693 0.234026 0.0497108
7.04e-10 -0.933256 0.242071 0.0482799
7.05e-10 -0.930857 0.249881 0.0467848
7.06e-10 -0.92851 0.257449 0.045228
7.07e-10 -0.926228 0.264767 0.043612
7.08e-10 -0.924021 0.271827 0.0419393
7.09e-10 -0.921903 0.278622 0.0402123
7.1e-10 -0.919883 0.285145 0.0384337
7.11e-10 -0.917972 0.291388 0.0366057
7.12e-10 -0.916179 0.297345 0.034731
7.13e-10 -0.914511 0.303008 0.0328117
7.14e-10 -0.912975 0.308372 0.0308503
7.15e-10 -0.911579 0.313429 0.0288488
7.16e-10 -0.910326 0.318173 0.0268093
7.17e-10 -0.909221 0.322598 0.0247338
7.18e-10 -0.908267 0.326697 0.022624
7.19e-10 -0.907469 0.330465 0.0204816
7.2e-10 -0.906827 0.333895 0.0183084
7.21e-10 -0.906344 0.336983 0.0161059
7.22e-10 -0.90602 0.339721 0.0138758
7.23e-10 -0.905856 0.342105 0.0116198
7.24e-10 -0.905853 0.344131 0.00933989
7.25e-10 -0.906007 0.345791 0.00703801
7.26e-10 -0.906319 0.347083 0.00471642
7.27e-10 -0.906785 0.348 0.00237757
7.28e-10 -0.907402 0.348539 2.40885e-05
7.29e-10 -0.908166 0.348696 -0.00234117
7.3e-10 -0.909071 0.348466 -0.00471516
7.31e-10 -0.910113 0.347846 -0.0070947
7.32e-10 -0.911283 0.346832 -0.00947643
7.33e-10 -0.912576 0.345422 -0.0118569
7.34e-10 -0.913983 0.343614 -0.0142324
7.35e-10 -0.915496 0.341404 -0.0165993
7.36e-10 -0.917107 0.338792 -0.0189538
7.37e-10 -0.918806 0.335777 -0.0212919
7.38e-10 -0.920586 0.332358 -0.0236098
7.39e-10 -0.922436 0.328536 -0.0259033
7.4e-10 -0.924347 0.324312 -0.0281685
7.41e-10 -0.92631 0.319688 -0.0304011
7.42e-10 -0.928316 0.314666 -0.0325972
7.43e-10 -0.930357 0.309252 -0.0347526
7.44e-10 -0.932422 0.303451 -0.0368632
7.45e-10 -0.934505 0.297268 -0.038925
7.46e-10 -0.936596 0.290712 -0.0409338
7.47e-10 -0.938688 0.28379 -0.0428856
7.48e-10 -0.940772 0.276513 -0.0447764
7.49e-10 -0.942843 0.268893 -0.0466024
7.5e-10 -0.944892 0.26094 -0.0483595
7.51e-10 -0.946914 0.252669 -0.050044
7.52e-10 -0.948903 0.244093 -0.0516523
7.53e-10 -0.950853 0.235228 -0.0531806
7.54e-10 -0.952758 0.22609 -0.0546257
7.55e-10 -0.954614 0.216695 -0.0559841
7.56e-10 -0.956417 0.207059 -0.0572528
7.57e-10 -0.958162 0.197202 -0.0584287
7.58e-10 -0.959844 0.18714 -0.0595092
7.59e-10 -0.961461 0.176892 -0.0604914
7.6e-10 -0.963008 0.166477 -0.0613729
7.61e-10 -0.964481 0.155912 -0.0621514
7.62e-10 -0.965876 0.145218 -0.0628246
7.63e-10 -0.96719 0.134413 -0.0633905
7.64e-10 -0.968418 0.123516 -0.0638471
7.65e-10 -0.969558 0.112547 -0.0641928
7.66e-10 -0.970606 0.101527 -0.064426
7.67e-10 -0.971558 0.0904735 -0.0645452
7.68e-10 -0.972413 0.0794083 -0.0645494
7.69e-10 -0.973168 0.0683512 -0.0644375
7.7e-10 -0.973822 0.0573226 -0.0642086
7.71e-10 -0.974374 0.046343 -0.0638623
7.72e-10 -0.974822 0.035433 -0.0633981
7.73e-10 -0.975167 0.0246132 -0.0628159
7.74e-10 -0.97541 0.0139042 -0.0621157
7.75e-10 -0.975551 0.0033266 -0.0612978
7.76e-10 -0.975592 -0.00709912 -0.060363
7.77e-10 -0.975536 -0.0173527 -0.0593119
7.78e-10 -0.975384 -0.0274139 -0.0581458
7.79e-10 -0.975141 -0.0372631 -0.0568663
7.8e-10 -0.974811 -0.0468807 -0.0554751
7.81e-10 -0.974399 -0.0562478 -0.0539743
7.82e-10 -0.973909 -0.0653458 -0.0523666
7.83e-10 -0.973348 -0.0741568 -0.0506546
7.84e-10 -0.972723 -0.0826635 -0.0488417
7.85e-10 -0.97204 -0.0908491 -0.0469312
7.86e-10 -0.971307 -0.0986977 -0.044927
7.87e-10 -0.970533 -0.106194 -0.0428329
7.88e-10 -0.969725 -0.113324 -0.0406533
7.89e-10 -0.968893 -0.120074 -0.0383927
7.9e-10 -0.968045 -0.126431 -0.0360556
7.91e-10 -0.96719 -0.132384 -0.0336469
7.92e-10 -0.966339 -0.137922 -0.0311717
7.93e-10 -0.965499 -0.143034 -0.0286351
7.94e-10 -0.964681 -0.147713 -0.0260424
7.95e-10 -0.963894 -0.15195 -0.0233992
7.96e-10 -0.963145 -0.155739 -0.020711
7.97e-10 -0.962443 -0.159073 -0.0179834
7.98e-10 -0.961795 -0.161948 -0.0152222
7.99e-10 -0.961209 -0.164359 -0.0124331
8e-10 -0.96069 -0.166304 -0.00962182
8.01e-10 -0.960244 -0.167779 -0.00679413
8.02e-10 -0.959876 -0.168785 -0.00395562
8.03e-10 -0.959589 -0.169318 -0.00111182
8.04e-10 -0.959387 -0.16938 0.00173181
8.05e-10 -0.959271 -0.16897 0.00456997
8.06e-10 -0.959244 -0.168089 0.00739746
8.07e-10 -0.959306 -0.166739 0.0102092
8.08e-10 -0.959457 -0.164921 0.0130002
8.09e-10 -0.959696 -0.162639 0.0157657
8.1e-10 -0.960023 -0.159895 0.0185008
8.11e-10 -0.960435 -0.156692 0.0212009
8.12e-10 -0.960929 -0.153036 0.0238613
8.13e-10 -0.961501 -0.148932 0.0264776
8.14e-10 -0.962146 -0.144385 0.0290452
8.15e-10 -0.962859 -0.139403 0.0315599
8.16e-10 -0.963634 -0.133992 0.0340172
8.17e-10 -0.964463 -0.128162 0.0364131
8.18e-10 -0.965338 -0.121922 0.0387433
8.19e-10 -0.966249 -0.115283 0.041004
8.2e-10 -0.967187 -0.108254 0.0431913
8.21e-10 -0.968141 -0.100849 0.0453014
8.22e-10 -0.9691 -0.0930796 0.0473307
8.23e-10 -0.970054 -0.0849594 0.0492758
8.24e-10 -0.970989 -0.0765025 0.0511334
8.25e-10 -0.971895 -0.0677239 0.0529001
8.26e-10 -0.97276 -0.0586389 0.0545729
8.27e-10 -0.973572 -0.0492637 0.056149
8.28e-10 -0.974321 -0.0396154 0.0576255
8.29e-10 -0.974997 -0.0297112 0.059
8.3e-10 -0.975589 -0.0195693 0.06027
8.31e-10 -0.976088 -0.00920834 0.0614334
8.32e-10 -0.976488 0.00135254 0.0624883
8.33e-10 -0.976781 0.0120937 0.063433
8.34e-10 -0.97696 0.0229952 0.0642663
8.35e-10 -0.97702 0.0340365 0.0649869
8.36e-10 -0.976957 0.0451971 0.0655942
8.37e-10 -0.976769 0.0564561 0.0660874
8.38e-10 -0.976452 0.0677926 0.0664666
8.39e-10 -0.976005 0.0791856 0.0667315
8.4e-10 -0.975429 0.090614 0.0668825
8.41e-10 -0.974722 0.102057 0.0669201
8.42e-10 -0.973887 0.113493 0.066845
8.43e-10 -0.972927 0.124903 0.0666582
8.44e-10 -0.971843 0.136265 0.066361
8.45e-10 -0.970641 0.14756 0.0659546
8.46e-10 -0.969326 0.158769 0.0654407
8.47e-10 -0.967903 0.169871 0.064821
8.48e-10 -0.966378 0.180848 0.0640976
8.49e-10 -0.964759 0.191682 0.0632725
8.5e-10 -0.963054 0.202355 0.0623481
8.51e-10 -0.96127 0.21285 0.061327
8.52e-10 -0.959417 0.223152 0.0602116
8.53e-10 -0.957502 0.233243 0.0590048
8.54e-10 -0.955537 0.243109 0.0577095
8.55e-10 -0.953529 0.252735 0.0563288
8.56e-10 -0.951488 0.262108 0.0548657
8.57e-10 -0.949423 0.271214 0.0533236
8.58e-10 -0.947344 0.280041 0.0517057
8.59e-10 -0.945259 0.288578 0.0500155
8.6e-10 -0.943178 0.296812 0.0482565
8.61e-10 -0.941108 0.304734 0.0464321
8.62e-10 -0.939059 0.312333 0.0445459
8.63e-10 -0.937038 0.3196 0.0426014
8.64e-10 -0.935054 0.326527 0.0406023
8.65e-10 -0.933113 0.333105 0.038552
8.66e-10 -0.931225 0.339327 0.0364543
8.67e-10 -0.929395 0.345186 0.0343126
8.68e-10 -0.927633 0.350676 0.0321305
8.69e-10 -0.925944 0.355791 0.0299115
8.7e-10 -0.924336 0.360526 0.0276592
8.71e-10 -0.922815 0.364878 0.025377
8.72e-10 -0.921389 0.368841 0.0230684
8.73e-10 -0.920064 0.372413 0.0207368
8.74e-10 -0.918846 0.375592 0.0183858
8.75e-10 -0.91774 0.378376 0.0160188
8.76e-10 -0.916753 0.380763 0.0136391
8.77e-10 -0.91589 0.382753 0.0112503
8.78e-10 -0.915156 0.384345 0.0088559
8.79e-10 -0.914554 0.385541 0.00645929
8.8e-10 -0.914089 0.386342 0.00406399
8.81e-10 -0.913764 0.386748 0.0016735
8.82e-10 -0.913582 0.386763 -0.000708663
8.83e-10 -0.913545 0.38639 -0.003079
8.84e-10 -0.913654 0.385631 -0.00543399
8.85e-10 -0.91391 0.384489 -0.00777013
8.86e-10 -0.914311 0.382969 -0.010084
8.87e-10 -0.914857 0.381075 -0.012372
8.88e-10 -0.915544 0.37881 -0.0146309
8.89e-10 -0.91637 0.376179 -0.0168572
8.9e-10 -0.917329 0.373187 -0.0190476
8.91e-10 -0.918416 0.369838 -0.0211988
8.92e-10 -0.919624 0.366138 -0.0233078
8.93e-10 -0.920946 0.362092 -0.0253713
8.94e-10 -0.922373 0.357704 -0.0273863
8.95e-10 -0.923896 0.352982 -0.0293498
8.96e-10 -0.925507 0.347931 -0.031259
8.97e-10 -0.927195 0.342559 -0.0331112
8.98e-10 -0.92895 0.336872 -0.0349034
8.99e-10 -0.930763 0.330878 -0.0366333
9e-10 -0.932622 0.324587 -0.0382981
9.01e-10 -0.934519 0.318007 -0.0398954
9.02e-10 -0.936442 0.311148 -0.0414229
9.03e-10 -0.938384 0.304022 -0.0428782
9.04e-10 -0.940332 0.296639 -0.0442592
9.05e-10 -0.94228 0.28901 -0.0455638
9.06e-10 -0.944217 0.28115 -0.0467899
9.07e-10 -0.946134 0.273071 -0.0479357
9.08e-10 -0.948023 0.264787 -0.0489995
9.09e-10 -0.949876 0.256312 -0.0499796
9.1e-10 -0.951684 0.247661 -0.0508745
9.11e-10 -0.95344 0.238849 -0.0516831
9.12e-10 -0.955137 0.229892 -0.0524041
9.13e-10 -0.956767 0.220805 -0.0530366
9.14e-10 -0.958325 0.211606 -0.0535798
9.15e-10 -0.959805 0.202309 -0.0540332
9.16e-10 -0.961202 0.192933 -0.0543963
9.17e-10 -0.962512 0.183492 -0.054669
9.18e-10 -0.963732 0.174006 -0.0548511
9.19e-10 -0.96486 0.16449 -0.0549429
9.2e-10 -0.965893 0.154961 -0.0549446
9.21e-10 -0.966833 0.145437 -0.0548568
9.22e-10 -0.967678 0.135933 -0.05468
9.23e-10 -0.96843 0.126468 -0.0544151
9.24e-10 -0.969091 0.117058 -0.054063
9.25e-10 -0.969663 0.107719 -0.0536247
9.26e-10 -0.970149 0.0984671 -0.0531014
9.27e-10 -0.970554 0.0893184 -0.0524943
9.28e-10 -0.970881 0.0802886 -0.0518048
9.29e-10 -0.971135 0.0713929 -0.0510342
9.3e-10 -0.971321 0.0626462 -0.0501841
9.31e-10 -0.971443 0.054063 -0.0492561
9.32e-10 -0.971507 0.0456575 -0.0482519
9.33e-10 -0.971518 0.0374434 -0.0471733
9.34e-10 -0.971481 0.0294338 -0.0460221
9.35e-10 -0.971402 0.0216417 -0.0448003
9.36e-10 -0.971285 0.0140794 -0.0435102
9.37e-10 -0.971137 0.0067586 -0.0421539
9.38e-10 -0.970962 -0.00030924 -0.0407338
9.39e-10 -0.970765 -0.00711338 -0.0392524
9.4e-10 -0.970552 -0.0136436 -0.0377125
9.41e-10 -0.970327 -0.0198901 -0.0361167
9.42e-10 -0.970096 -0.025844 -0.034468
9.43e-10 -0.969863 -0.0314968 -0.0327693
9.44e-10 -0.969633 -0.0368405 -0.0310237
9.45e-10 -0.969411 -0.0418679 -0.0292343
9.46e-10 -0.969201 -0.0465725 -0.0274045
9.47e-10 -0.969009 -0.0509483 -0.0255374
9.48e-10 -0.968838 -0.0549899 -0.0236365
9.49e-10 -0.968693 -0.0586927 -0.0217049
9.5e-10 -0.968579 -0.0620527 -0.0197461
9.51e-10 -0.9685 -0.0650664 -0.0177635
9.52e-10 -0.96846 -0.067731 -0.0157605
9.53e-10 -0.968464 -0.0700444 -0.0137405
9.54e-10 -0.968514 -0.072005 -0.0117068
9.55e-10 -0.968615 -0.0736118 -0.00966296
9.56e-10 -0.968769 -0.0748644 -0.00761234
9.57e-10 -0.968978 -0.0757629 -0.00555836
9.58e-10 -0.969245 -0.0763078 -0.00350445
9.59e-10 -0.969571 -0.0765004 -0.001454
9.6e-10 -0.969955 -0.0763422 0.000589575
9.61e-10 -0.970398 -0.0758354 0.00262287
9.62e-10 -0.970898 -0.0749826 0.00464251
9.63e-10 -0.971455 -0.0737867 0.0066451
9.64e-10 -0.972065 -0.0722514 0.00862728
9.65e-10 -0.972725 -0.0703806 0.0105857
9.66e-10 -0.97343 -0.0681787 0.012517
9.67e-10 -0.974178 -0.0656507 0.014418
9.68e-10 -0.974961 -0.062802 0.0162852
9.69e-10 -0.975775 -0.0596384 0.0181155
9.7e-10 -0.976613 -0.0561663 0.0199057
9.71e-10 -0.977468 -0.0523925 0.0216525
9.72e-10 -0.978334 -0.0483245 0.0233529
9.73e-10 -0.979204 -0.0439701 0.0250037
9.74e-10 -0.980071 -0.0393377 0.0266019
9.75e-10 -0.980927 -0.0344362 0.0281447
9.76e-10 -0.981765 -0.0292752 0.0296291
9.77e-10 -0.982577 -0.0238645 0.0310524
9.78e-10 -0.983358 -0.0182147 0.0324118
9.79e-10 -0.984099 -0.012337 0.0337048
9.8e-10 -0.984794 -0.00624295 0.0349289
9.81e-10 -0.985437 5.53439e-05 0.0360817
9.82e-10 -0.986022 0.00654522 0.0371611
9.83e-10 -0.986543 0.0132135 0.0381649
9.84e-10 -0.986996 0.0200468 0.0390912
9.85e-10 -0.987375 0.0270309 0.0399382
9.86e-10 -0.987677 0.0341516 0.0407043
9.87e-10 -0.987899 0.0413941 0.0413881
9.88e-10 -0.988038 0.0487435 0.0419882
9.89e-10 -0.988092 0.0561847 0.0425037
9.9e-10 -0.98806 0.063702 0.0429336
9.91e-10 -0.98794 0.0712802 0.0432774
9.92e-10 -0.987732 0.0789035 0.0435345
9.93e-10 -0.987437 0.0865562 0.0437048
9.94e-10 -0.987057 0.0942228 0.0437882
9.95e-10 -0.986592 0.101888 0.0437849
9.96e-10 -0.986044 0.109535 0.0436953
9.97e-10 -0.985417 0.11715 0.04352
9.98e-10 -0.984714 0.124717 0.0432599
9.99e-10 -0.983938 0.132221 0.0429158
1e-09 -0.983093 0.139648 0.042489
